20 10
30000 85 5 49 42 30000 87 93 62 30000
30000 0 4 65 59 30000 26 68 91 30000
30000 21 65 94 46 30000 56 47 46 30000
30000 80 82 46 16 30000 78 31 45 30000
30000 44 67 47 62 30000 32 5 91 30000
30000 72 38 51 26 30000 34 12 97 30000
30000 36 34 53 71 30000 8 21 12 30000
30000 66 17 78 70 30000 28 37 59 30000
30000 62 2 26 0 30000 78 26 74 30000
30000 61 92 44 54 30000 39 83 25 30000
30000 79 98 17 43 30000 87 88 99 30000
30000 29 95 10 41 30000 28 99 51 30000
30000 8 85 45 25 30000 20 67 94 30000
30000 89 91 87 2 30000 54 37 69 30000
30000 17 21 34 99 30000 77 90 50 30000
30000 82 63 4 82 30000 75 38 87 30000
30000 31 62 49 39 30000 5 3 55 30000
30000 94 87 61 15 30000 18 82 5 30000
30000 56 3 11 71 30000 81 77 33 30000
30000 57 8 13 19 30000 89 4 25 30000
12 18 18 19 26 21 18 19 18 11 22 21 13 19 13 14 22 17 27 28
30000 0 0 0 0 30000 0 0 0 30000
0 48 65 43 64 0 57 49 58 0