20 7
85 5 49 42 87 93 62
0 4 65 59 26 68 91
21 65 94 46 56 47 46
80 82 46 16 78 31 45
44 67 47 62 32 5 91
72 38 51 26 34 12 97
36 34 53 71 8 21 12
66 17 78 70 28 37 59
62 2 26 0 78 26 74
61 92 44 54 39 83 25
79 98 17 43 87 88 99
29 95 10 41 28 99 51
8 85 45 25 20 67 94
89 91 87 2 54 37 69
17 21 34 99 77 90 50
82 63 4 82 75 38 87
31 62 49 39 5 3 55
94 87 61 15 18 82 5
56 3 11 71 81 77 33
57 8 13 19 89 4 25
12 18 18 19 26 21 18 19 18 11 22 21 13 19 13 14 22 17 27 28
0 0 0 0 0 0 0
48 65 43 64 57 49 58